(month 1->07/2007)
<OPEN>,<HIGH>,<LOW>,<CLOSE_PREVIOUSDAY>,<VOL>,<CLOSE>
115.2367,115.2367,112.9320,115.2367,110889,113.7002
115.2367,116.0049,114.0843,113.7002,67210,114.8526
118.3097,119.0779,115.2367,114.8526,103740,119.0779
119.8462,122.9191,119.0779,119.0779,104780,120.9985
120.6144,122.9191,116.7732,120.9985,82030,120.2303
120.6144,121.3827,118.3097,120.2303,63569,119.8462
120.7692,123.0769,120.7692,119.8462,101140,122.3077
123.0769,123.0769,120.0000,122.3077,114139,123.0769
126.9231,126.9231,121.5385,123.0769,91390,124.6154
123.0769,125.3846,123.0769,124.6154,58629,125.3846
125.3846,126.9231,124.6154,125.3846,157040,126.5385
128.4615,132.3077,123.8462,126.5385,393900,125.3846
126.5385,130.0000,125.7692,125.3846,138060,130.0000
131.5385,138.4615,129.2308,130.0000,128699,136.5385
137.3077,142.3077,133.8462,136.5385,178750,141.5385
150.2308,150.2308,138.4615,141.5385,109719,149.2308
149.2308,160.5385,134.6154,149.2308,160290,155.3846
160.0000,161.5385,141.2308,155.3846,68120,149.2308
147.6923,149.2308,137.8462,149.2308,73970,146.9231
143.8462,146.8462,139.2308,146.9231,52390,146.3077
150.7692,153.4615,146.1539,146.3077,56159,150.7692
153.8462,153.8462,150.7692,150.7692,52390,151.8462
154.6154,159.2308,147.6923,151.8462,83590,150.0000
161.5385,161.5385,148.4615,150.0000,33150,149.6154
152.3077,152.3077,147.6923,149.6154,49660,148.0769
146.1539,150.0000,146.1539,148.0769,77350,148.8462
149.2308,161.5385,148.4615,148.8462,98020,151.5385
152.3077,153.8462,149.2308,151.5385,170040,149.8462
150.7692,153.0769,148.4615,149.8462,99060,149.9231
150.3846,151.5385,149.6154,149.9231,162890,150.0000
151.5385,153.0769,150.7692,150.0000,119079,153.0769
153.0769,161.5385,153.0769,153.0769,108159,160.7692
160.0000,165.3846,160.0000,160.7692,121289,165.0000
165.3846,179.5385,165.3846,165.0000,247649,179.5385
180.7692,196.1539,180.7692,179.5385,119989,193.8462
213.4615,213.4615,182.3077,193.8462,75400,190.7692
196.1539,196.1539,186.1539,190.7692,124669,190.0000
207.6923,207.6923,171.6154,190.0000,80210,187.6923
192.3077,207.6923,192.3077,187.6923,263510,200.0000
203.8462,219.6154,203.8462,200.0000,308490,214.6154
226.9231,226.9231,215.3846,214.6154,206700,219.6154
223.0769,230.7692,218.4615,219.6154,197340,219.2308
230.7692,230.7692,217.6923,219.2308,91260,218.4615
230.7692,230.7692,200.0000,218.4615,189670,211.9231
215.3846,215.3846,206.9231,211.9231,158470,206.9231
206.1539,209.2308,192.3077,206.9231,162240,196.1539
184.6154,206.1539,184.6154,196.1539,296660,203.8462
203.8462,215.3077,176.2308,203.8462,129349,215.3077
219.2308,233.8462,215.3846,215.3077,327210,224.6154
216.1539,224.6154,207.6923,224.6154,155870,207.6923
208.8462,211.5385,206.9231,207.6923,113879,207.6923
210.0000,210.0000,200.0769,207.6923,91910,207.2308
207.6923,207.6923,202.3077,207.2308,111279,202.3077
200.7692,203.8462,184.6154,202.3077,107379,184.6154
186.9231,192.3077,175.0000,184.6154,185068,175.0000
175.3846,195.3077,161.5385,175.0000,122199,195.3077
197.6923,197.6923,197.6923,195.3077,147030,197.6923
215.3846,217.4616,180.7692,197.6923,145730,192.3077
203.8462,203.8462,184.6154,192.3077,62269,188.4615
184.6923,190.7692,176.9231,188.4615,59279,184.6923
192.3077,196.1539,192.3077,184.6923,43810,193.8462
196.2308,200.0000,188.6154,193.8462,56419,190.7692
200.0000,200.0000,192.3077,190.7692,139880,196.1539
194.7692,200.0000,194.7692,196.1539,98540,196.8462
200.0000,206.9231,200.0000,196.8462,159640,205.3846
211.5385,215.3846,205.3846,205.3846,106080,206.9231
215.0000,215.0000,198.4615,206.9231,74360,199.3077
214.6154,214.6154,192.3077,199.3077,174720,204.6154
207.3077,215.3846,190.0000,204.6154,97110,190.0000
192.3077,192.3077,184.7692,190.0000,110629,187.4615
196.1539,200.0000,188.4615,187.4615,152360,199.9231
203.8462,203.8462,189.7692,199.9231,168220,191.5385
199.2308,199.2308,184.6154,191.5385,175500,186.1539
173.8000,174.2000,168.2000,186.1539,40300,169.0000
170.0000,170.2000,160.0000,169.0000,141100,167.1000
170.0000,182.2000,165.0000,167.1000,185200,182.2000
176.8000,176.8000,168.0000,182.2000,144000,173.5000
173.0000,173.0000,167.0000,173.5000,67700,167.9000
170.0000,170.0000,160.0000,167.9000,85800,164.5000
168.0000,168.0000,164.0000,164.5000,110500,166.5000
168.5000,172.9000,167.0000,166.5000,153300,169.0000
172.0000,174.0000,166.7000,169.0000,148300,169.0000
170.0000,170.0000,164.0000,169.0000,59900,165.7000
167.0000,169.0000,164.0000,165.7000,107000,168.9000
172.0000,172.0000,168.0000,168.9000,100500,168.0000
173.0000,174.0000,168.3000,168.0000,80600,168.9000
168.2000,170.0000,167.0000,168.9000,65500,167.0000
168.0000,169.0000,167.1000,167.0000,116600,168.4000
169.0000,169.0000,167.0000,168.4000,99300,167.9000
169.0000,171.0000,167.0000,167.9000,88200,167.9000
169.0000,170.0000,167.5000,167.9000,151000,168.0000
169.9000,170.0000,168.4000,168.0000,184700,168.4000
170.0000,170.0000,167.2000,168.4000,55100,167.5000
166.0000,168.0000,165.0000,167.5000,56300,167.5000
167.8000,167.8000,165.0000,167.5000,81300,166.1000
166.5000,166.5000,164.2000,166.1000,66400,164.5000
167.5000,167.5000,160.0000,164.5000,110900,160.0000
161.1000,162.3000,160.0000,160.0000,93300,161.2000
160.9000,167.0000,160.0000,161.2000,141800,163.0000
161.0000,164.5000,160.0000,163.0000,101700,160.0000
162.0000,162.0000,156.0000,160.0000,75100,156.4000
156.0000,158.4000,153.0000,156.4000,81400,157.8000
158.0000,160.0000,155.0000,157.8000,77300,155.6000
156.0000,156.0000,150.0000,155.6000,71500,153.0000
154.0000,154.0000,145.0000,153.0000,64300,146.0000
146.0000,146.0000,139.2000,146.0000,154400,141.0000
142.0000,142.0000,136.7000,141.0000,201800,137.6000
139.0000,142.1000,137.0000,137.6000,160500,142.0000
143.0000,150.0000,143.0000,142.0000,111500,148.2000
149.1000,152.0000,148.0000,148.2000,88700,150.5000
150.0000,150.0000,147.0000,150.5000,116100,149.4000
150.0000,150.0000,145.0000,149.4000,52400,146.2000
147.0000,147.0000,139.1000,146.2000,125500,140.0000
140.0000,140.5000,135.0000,140.0000,125700,140.5000
140.0000,140.0000,136.0000,140.5000,128900,137.0000
138.0000,138.0000,134.0000,137.0000,212200,136.5000
138.0000,140.0000,136.0000,136.5000,53400,136.3000
136.0000,137.0000,133.0000,136.3000,54700,133.5000
133.2000,134.0000,122.0000,133.5000,131200,126.2000
122.0000,125.0000,113.0000,126.2000,258200,114.0000
115.0000,115.0000,107.0000,114.0000,304100,111.8000
119.5000,120.7000,112.0000,111.8000,405700,120.7000
123.0000,127.0000,118.1000,120.7000,258800,119.5000
120.1000,122.0000,114.0000,119.5000,151600,120.3000
119.0000,122.0000,117.2000,120.3000,135800,120.0000
120.0000,128.5000,119.0000,120.0000,195700,128.0000
130.0000,131.0000,128.1000,128.0000,226600,128.7000
130.0000,130.0000,121.0000,128.7000,152900,124.3000
122.5000,127.0000,122.5000,124.3000,127500,127.0000
124.5000,125.0000,121.0000,127.0000,144800,121.8000
122.0000,124.5000,121.8000,121.8000,107800,124.2000
123.5000,125.8000,123.5000,124.2000,118260,124.2000
125.0000,125.0000,122.0000,124.2000,191928,123.3000
123.5000,123.5000,122.5000,123.3000,142800,122.6000
124.0000,124.0000,121.3000,122.6000,88700,122.0000
122.0000,122.5000,120.5000,122.0000,70000,120.5000
121.5000,122.0000,118.0000,120.5000,123400,119.2000
119.0000,119.0000,117.5000,119.2000,116800,117.9000
117.1000,118.5000,115.0000,117.9000,140200,118.0000
115.0000,116.5000,114.5000,118.0000,65400,116.5000
116.0000,116.0000,114.7000,116.5000,87500,115.3000