(month 1-9/2007; 1-5/2008)
<OPEN>,<HIGH>,<LOW>,<CLOSE_PREVIOUSDAY>,<VOL>,<GOLD>,<CLOSE>
751.0400,751.0400,741.2700,751.7700,3845510,640.1000,741.2700
745.1300,757.7100,745.1300,741.2700,4485494,627.1000,757.7100
784.4500,788.8200,784.4500,757.7100,5532130,621.9000,788.8200
818.0400,818.5100,818.0400,788.8200,8131454,606.4400,818.5100
840.2200,840.2200,825.1100,818.5100,8911220,609.6000,825.1100
845.2600,845.2600,840.8900,825.1100,7215300,613.2800,844.9100
864.7500,866.7200,864.7500,844.9100,6498406,611.0000,865.7100
886.8300,886.8300,885.4300,865.7100,7384220,611.2000,885.4300
914.4100,914.7900,913.6800,885.4300,8241280,625.7800,914.7900
941.7300,947.1500,941.7300,914.7900,6648105,626.2800,947.1500
985.5300,985.5300,983.5000,947.1500,7366000,624.4000,983.6000
1012.7000,1012.7000,964.9600,983.6000,9662210,631.5000,964.9600
946.8400,983.0900,946.8400,964.9600,10160510,627.2800,983.0900
1024.0000,1024.0000,1022.9700,983.0900,7166700,635.1200,1023.0500
1044.2600,1044.2600,1027.7000,1023.0500,8740950,633.0000,1027.7000
1040.0601,1040.7000,1039.6100,1027.7000,6277740,646.2800,1040.7000
1049.8199,1049.8199,1016.3900,1040.7000,6940113,648.3800,1016.3900
991.6500,991.6500,988.8600,1016.3900,8952240,645.6500,988.8600
966.6000,974.7600,966.6000,988.8600,10117330,645.8300,974.7600
976.5100,995.5500,976.5100,974.7600,7385420,643.2000,995.5500
1021.2900,1023.9700,1021.2900,995.5500,7876780,646.7500,1022.4000
1044.0699,1044.0699,1041.3300,1022.4000,8409090,652.4500,1041.3300
1066.3300,1066.3300,1049.3199,1041.3300,12837980,656.8000,1049.3199
1074.5500,1074.5500,1074.5500,1049.3199,7615140,647.5000,1074.5500
1091.0200,1091.0200,1058.7100,1074.5500,11141580,648.0500,1058.7100
1058.5699,1091.3800,1058.5699,1058.7100,7724800,653.1000,1091.3800
1084.3300,1095.7500,1083.9900,1091.3800,7973010,651.0000,1095.7500
1058.7400,1058.7400,1052.8600,1095.7500,6949250,660.0000,1052.8600
1010.9700,1030.9000,1010.3800,1052.8600,8108290,666.4000,1030.9000
1041.4301,1054.2600,1041.4301,1030.9000,8067800,660.7000,1054.2600
1081.7900,1081.7900,1074.0601,1054.2600,6893620,663.8500,1074.4600
1077.9800,1077.9800,1073.1899,1074.4600,6411450,668.6500,1073.1899
1071.5000,1083.2500,1071.5000,1073.1899,6311500,669.2500,1083.2500
1121.1801,1129.0200,1121.1801,1083.2500,8681260,686.1100,1129.0200
1174.1000,1174.1000,1167.3600,1129.0200,8611740,662.9600,1167.3600
1159.6700,1159.6700,1135.8500,1167.3600,11449705,668.9100,1137.6899
1147.5100,1147.5100,1123.0699,1137.6899,8966823,664.0100,1123.0699
1130.6200,1147.6600,1130.6200,1123.0699,15124210,642.6000,1147.6600
1165.0500,1165.0500,1158.9000,1147.6600,8458577,636.1400,1158.9000
1139.7600,1139.7600,1132.9500,1158.9000,8741930,646.2500,1133.3101
1139.3000,1139.3000,1132.2300,1133.3101,7327420,648.6000,1132.2300
1140.4800,1141.5900,1138.6700,1132.2300,8519299,651.3500,1141.5900
1168.6700,1168.6700,1155.6801,1141.5900,9885230,647.9500,1155.6801
1179.3199,1179.3199,1170.6700,1155.6801,9398750,650.6100,1170.6700
1178.6700,1178.6700,1154.1200,1170.6700,11183180,643.1000,1158.2700
1135.2100,1135.2100,1114.2100,1158.2700,8909970,643.8500,1114.2100
1072.7900,1072.7900,1065.5200,1114.2100,6431710,645.8900,1065.5200
1089.2400,1109.7600,1089.2400,1065.5200,8893730,652.9500,1109.7600
1152.0601,1152.0601,1133.3400,1109.7600,9022521,653.4000,1133.340
1133.7700,1133.7700,1117.2500,1133.340,8346160,658.0000,1117.2500
1116.7900,1116.7900,1111.6300,1117.2500,8639700,664.5500,1111.6300
1107.8600,1107.8600,1099.8199,1111.6300,7811650,663.5000,1099.8199
1096.9500,1096.9500,1090.5601,1099.8199,7066600,656.6500,1090.5601
1085.4600,1085.4600,1070.7300,1090.5601,6188430,663.9000,1072.1600
1050.2700,1050.2700,1034.2400,1072.1600,5618080,664.1500,1034.2400
999.3500,1031.7900,999.3500,1034.2400,7534470,665.3500,1031.7900
1050.1700,1068.7100,1050.1700,1031.7900,6972240,661.2500,1068.7100
1091.2300,1091.2300,1071.3300,1068.7100,8359290,663.3000,1071.3300
1059.1801,1061.7500,1055.1000,1071.3300,6886110,663.7500,1055.1000
1030.9301,1030.9301,1027.4301,1055.1000,4552410,663.9500,1027.5300
1030.6899,1050.9000,1030.6899,1027.5300,6737174,673.8600,1050.9000
1058.5300,1058.5300,1048.9800,1050.9000,4720630,674.5100,1048.9800
1033.7700,1033.9200,1032.6400,1048.9800,4627090,674.4100,1033.9200
1041.2900,1041.3600,1039.9800,1033.9200,3010000,670.9000,1041.3600
1044.9000,1044.9000,1039.6700,1041.3600,3861110,677.5000,1039.6700
1037.1600,1037.2500,1034.6801,1039.6700,3004500,677.0000,1034.6801
1031.2100,1031.2100,1027.5800,1034.6801,3672020,675.8500,1027.5800
1026.4000,1026.4000,1012.9800,1027.5800,4177330,684.7500,1012.9800
998.1400,998.1400,983.0000,1012.9800,4925540,689.8500,983.0000
968.9600,968.9600,965.7200,983.0000,5818440,686.4000,965.7200
979.8600,1001.1200,979.8600,965.7200,3846470,689.7500,1001.1200
1015.1000,1015.1000,998.0900,1001.1200,6574301,682.7000,998.0900
981.9500,981.9500,968.8800,998.0900,4506790,691.4500,968.8800
940.5800,940.5800,931.1800,968.8800,3590720,688.8500,931.1800
907.4700,907.6500,905.5300,931.1800,4496734,683.7000,905.5300
903.9400,923.8900,903.9400,905.5300,6010190,685.8500,923.8900
933.3000,935.4800,933.3000,923.8900,4052560,672.8500,935.4800
939.0200,941.0300,937.4600,935.4800,3464810,681.7500,937.4600
941.1400,947.1900,941.1400,937.4600,2796900,688.4000,947.1900
969.4800,983.6200,969.4800,947.1900,4617992,688.3500,983.6200
1017.2400,1017.2400,1015.4300,983.6200,5579280,685.3500,1015.4300
1029.6600,1029.6600,1019.9600,1015.4300,6030250,680.2500,1019.9600
1026.4600,1026.4600,1020.0400,1019.9600,3921610,665.6500,1020.0400
1022.3500,1039.6300,1022.3500,1020.0400,4251680,670.6000,1039.6300
1061.8900,1066.0400,1061.8900,1039.6300,5233040,669.5000,1066.0400
1069.1500,1069.1500,1054.6899,1066.0400,5960560,672.0000,1054.6899
1051.6200,1051.6200,1040.9900,1054.6899,4968670,661.8000,1040.9900
1039.2700,1059.7900,1039.2700,1040.9900,5075380,657.4000,1059.7900
1063.3300,1066.5601,1063.3300,1059.7900,5535620,661.1700,1066.5601
1077.6200,1085.4100,1077.6200,1066.5601,5482285,662.9800,1085.4100
1102.7000,1107.5200,1102.7000,1085.4100,7198500,659.2000,1107.5200
1127.7500,1127.7500,1113.1899,1107.5200,8099620,661.5500,1113.1899
1101.7900,1101.7900,1085.3000,1113.1899,5800610,654.3000,1085.3000
1073.5200,1089.6000,1073.5200,1085.3000,5900630,655.7500,1089.6000
1113.2400,1113.2400,1098.6400,1089.6000,5705020,655.3000,1098.6400
1102.8199,1102.8199,1093.7700,1098.6400,5971530,656.8300,1093.7700
1080.9600,1080.9600,1077.8800,1093.7700,4828860,653.2500,1077.8800
1087.5500,1087.5500,1081.4800,1077.8800,5343250,660.4000,1081.4800
1085.9301,1085.9301,1077.3600,1081.4800,5383160,671.2500,1077.3600
1074.1801,1074.1801,1062.1000,1077.3600,5260978,670.9000,1062.1000
1051.6801,1051.6801,1039.6600,1062.1000,5547140,669.7500,1039.6600
1040.4500,1045.2900,1038.9000,1039.6600,6524970,670.5000,1045.2900
1057.5400,1060.5601,1057.5400,1045.2900,5167590,658.8800,1060.0200
1067.1300,1067.1300,1054.7800,1060.0200,7722410,648.3000,1057.3600
1042.0900,1042.0900,1037.2900,1057.3600,5267270,653.4000,1040.7500
1034.8800,1036.5400,1034.8800,1040.7500,5285160,646.9000,1036.5400
1035.9700,1038.8000,1033.7100,1036.5400,5578620,651.3500,1038.8000
1044.0200,1044.0200,1042.7900,1038.8000,5896260,651.6500,1042.7900
1050.6300,1050.6300,1048.1899,1042.7900,5388510,654.9000,1048.1899
1046.4200,1046.6200,1043.9900,1048.1899,5715300,655.9500,1043.9900
1047.9500,1049.8700,1047.9500,1043.9900,6104260,661.3000,1049.5800
1050.8800,1050.8800,1045.2800,1049.5800,6427950,654.3000,1045.2800
1043.9600,1043.9600,1034.4301,1045.2800,5187010,651.9000,1034.4301
1031.2600,1037.4500,1031.2600,1034.4301,5396810,653.7500,1033.6899
1047.9700,1047.9700,1044.3900,1033.6899,4967100,650.9000,1044.3900
1064.1500,1064.1500,1054.3800,1044.3900,5514170,641.1000,1055.7000
1057.0800,1057.0800,1032.9600,1055.7000,4459540,643.3500,1032.9600
1024.3000,1024.6200,1024.0400,1032.9600,4126440,648.6500,1024.0400
1020.6400,1024.6801,1020.6400,1024.0400,4191350,649.2000,1024.6801
1015.7100,1015.7100,994.1700,1024.6801,5497790,656.9500,994.1700
976.1100,977.3000,975.4000,994.1700,5565910,652.9500,977.3000
996.1400,1013.5600,996.1400,977.3000,4761820,654.0500,1013.5600
1013.9500,1013.9500,1012.8200,1013.5600,5218240,649.2500,1012.8200
1008.3600,1010.5300,1008.3600,1012.8200,4906828,655.4000,1010.5300
1004.3900,1010.2700,1004.3900,1010.5300,3785850,660.2000,1010.2700
1015.1500,1023.0400,1015.1500,1010.2700,4688500,663.1300,1023.0400
1032.4301,1032.7100,1029.8500,1023.0400,4880720,660.8300,1029.8500
1025.7200,1025.7200,1017.6800,1029.8500,4443210,666.6500,1017.6800
1010.7100,1015.7300,1010.7100,1017.6800,4455640,666.4500,1015.7300
1005.1600,1005.1600,995.8300,1015.7300,4982700,664.6500,995.8300
995.8600,1001.0500,995.8600,995.8300,4545830,664.6500,1000.3300
998.7500,998.7500,994.7300,1000.3300,4271680,672.7000,994.7300
990.8400,990.8400,984.4300,994.7300,3713490,677.2000,984.4300
980.3500,982.1700,980.3500,984.4300,4714360,682.9500,981.3100
982.1700,983.5300,982.1700,981.3100,5127567,680.6500,982.4300
975.0800,975.0800,970.5500,982.4300,4662820,674.9000,972.5600
965.9200,965.9200,956.1300,972.5600,3516380,662.6500,956.1300
946.0300,946.0300,939.9400,956.1300,4158415,660.6000,940.3600
928.4800,931.5500,924.8700,940.3600,2204160,664.6000,925.4400
905.8000,908.0400,896.1100,925.4400,4847660,664.0000,907.9500
905.3400,925.9200,903.6100,907.9500,4833010,666.7500,923.1400
926.6700,926.9500,911.1800,923.1400,4759920,665.3500,911.1800
895.2200,898.2400,892.8800,911.1800,3988980,672.6000,892.8800
892.8800,894.0800,883.9000,892.8800,3231500,671.7500,883.9000
890.7500,898.7600,890.4200,883.9000,3715230,672.1000,896.9100
902.7800,910.0500,900.6600,896.9100,4430630,674.5000,910.0500
923.1500,938.2100,921.7900,910.0500,4974890,661.7800,938.2100
942.3300,942.3300,924.9800,938.2100,6972520,672.4500,935.6800
916.0000,916.6800,909.1500,935.6800,3745980,669.2300,909.1500
912.8200,923.1500,912.8200,909.1500,4005960,668.8500,923.1500
918.1700,918.1700,913.4700,923.1500,3444010,667.4500,915.3400
904.4700,907.5400,900.2600,915.3400,3890770,652.3500,900.2600
886.9200,889.9900,886.3500,900.2600,3842720,657.3500,887.9300
876.0400,890.0200,875.0600,887.9300,5017200,657.4500,890.0200
897.0300,899.9900,892.5300,890.0200,6320240,657.1800,895.7200
898.6200,898.6200,892.0700,895.7200,4701280,660.6000,892.0700
891.5000,891.5800,886.0100,892.0700,5144050,659.9500,887.6200
897.0600,905.4800,896.7600,887.6200,7167400,667.8500,905.4800
911.0100,911.0100,906.5500,905.4800,5744740,667.4000,909.0700
904.7500,905.5900,900.8500,909.0700,4945530,662.5500,902.5800
895.5400,901.1700,894.0600,902.5800,5285170,667.3000,901.1700
901.2600,905.2000,899.1900,901.1700,4118470,665.0500,903.9400
904.5700,910.0700,904.5700,903.9400,7016470,672.9500,908.3700
919.8700,929.8500,919.8700,908.3700,5902210,681.5500,929.8500
938.7600,938.7600,925.5700,929.8500,7450000,681.6800,925.5700
926.1100,928.3600,925.9900,925.5700,6693390,695.2000,928.3600
929.5300,934.1300,929.5300,928.3600,6208740,700.4800,934.1300
933.0200,933.0200,927.1400,934.1300,6034110,702.8800,927.1400
925.2800,925.2800,920.4800,927.1400,5897118,712.2500,920.4800
922.6600,923.8300,921.1900,920.4800,6402870,711.3800,921.1900
920.5500,921.3100,920.5500,921.1900,5193380,708.1000,921.3100
924.1400,930.4600,924.1400,921.3100,5215070,707.0500,930.4600
932.3800,934.7400,932.3800,930.4600,5739960,717.5500,934.7400
933.7800,935.1700,933.7800,934.7400,6462280,723.3500,935.1700
942.5200,946.2200,942.5200,935.1700,6537750,721.1500,946.2200
960.5600,963.6100,960.5600,946.2200,9768100,733.5500,963.6100
965.2000,965.2000,958.6700,963.6100,10839960,731.0500,958.6700
967.8900,975.8200,967.8900,958.6700,9874070,730.1300,975.8200
1005.7900,1009.8800,1005.7900,975.8200,12628490,731.4500,1009.8800
1029.7300,1029.7300,1015.3900,1009.8800,14318520,728.8200,1015.9100
1012.4100,1014.0900,1012.1700,1015.9100,11238280,734.2800,1014.0900
1030.7700,1046.8600,1030.7700,1014.0900,14360990,743.2000,1046.8600
925.6600,926.0100,921.0700,927.0200,5006582,857.3500,921.0700
913.5600,915.4600,908.2500,921.0700,5020570,864.6500,908.2500
904.8300,905.3800,903.0900,908.2500,4409690,859.4000,903.0900
899.5300,899.5300,884.0300,903.0900,6395360,857.8000,887.0800
892.6800,899.2200,892.6800,887.0800,6337420,877.7400,893.7400
888.6900,889.1200,878.4100,893.7400,6596117,878.7900,878.4100
858.0700,858.5800,849.6900,878.4100,10291130,892.9500,850.0700
860.5200,867.5000,860.1300,850.0700,7233110,895.1500,860.7700
859.2900,859.2900,841.0000,860.7700,7968310,903.7800,841.0000
819.0400,820.2000,807.7200,841.0000,9739680,888.1500,808.8300
836.4300,846.0700,835.2000,808.8300,9051790,877.3500,846.0700
861.7800,861.7800,830.7400,846.0700,10272370,877.4500,833.8100
831.0800,847.0500,828.2200,833.8100,5642330,883.0000,847.0500
839.3100,839.3700,833.8800,847.0500,6915710,864.9500,833.8800
808.4600,813.0100,807.7400,833.8800,7947815,892.0500,807.7400
785.7700,787.1200,775.3000,807.7400,8849340,890.4300,776.6800
785.9200,790.5200,764.1300,776.6800,8585170,912.5500,764.1300
763.6600,778.8200,762.9900,764.1300,6557040,913.6100,776.0400
781.9200,785.0700,775.9000,776.0400,6629110,928.8000,785.0700
787.3000,811.6100,786.4200,785.0700,8980610,923.6500,811.6100
844.9500,848.8800,843.1000,811.6100,11101810,929.4000,843.1000
831.7400,844.1100,826.0300,843.1000,16546020,926.0300,844.1100
854.1500,859.6200,852.3200,844.1100,11446550,904.7500,859.6200
857.0200,857.0200,840.5000,859.6200,6162010,906.4700,841.2300
830.5400,830.7700,817.8600,841.2300,7220229,906.1800,817.8600
824.3400,832.6600,823.4600,817.8600,7236590,908.0300,823.4600
821.0000,821.0000,813.8900,823.4600,5600560,902.3000,816.0300
784.8000,786.4500,780.8000,816.0300,11884060,905.0500,782.5700
764.4200,780.9100,764.1700,782.5700,8811753,927.6000,776.7900
775.3000,775.9300,744.9200,776.7900,9484220,944.1000,744.9200
711.7800,712.2700,710.1700,744.9200,7612720,945.4300,710.4500
678.3200,687.1000,677.7900,710.4500,14500350,944.9500,687.1000
706.0000,715.2500,706.0000,687.1000,11761290,939.3300,715.0400
714.8600,714.8600,692.8800,715.0400,11181330,947.9300,692.9100
681.4500,704.6700,681.3500,692.9100,8685850,957.8800,686.4900
687.7500,688.7000,677.8000,686.4900,8464530,970.7500,678.1200
670.4900,672.1500,661.7500,678.1200,10486870,973.7500,663.3000
646.0800,646.3100,634.2200,663.3000,9443310,983.7000,635.2400
608.0500,608.8800,606.1000,635.2400,7813910,963.7800,608.8800
581.1900,583.4500,580.4000,608.8800,9270920,989.4500,583.4500
609.7700,611.2600,609.7700,583.4500,9717931,978.6500,611.1700
638.2300,638.0300,640.1400,611.1700,8169220,972.9000,640.1400
667.6300,669.2400,657.5300,640.1400,24700110,973.1500,658.2900
642.8700,643.6800,638.7100,658.2900,14038800,973.0500,638.7100
632.0800,654.4700,632.0800,638.7100,12456980,983.2500,643.9000
655.1800,655.1800,644.8900,643.9000,9219250,995.2500,647.6000
640.0400,643.9000,640.0400,647.6000,10645156,1002.7500,643.8000
623.2300,624.3100,615.7100,643.8000,11537420,1002.4000,615.7100
588.6300,589.5700,588.1600,615.7100,8303405,982.1500,588.2600
584.5300,592.1800,573.4500,588.2600,17641540,943.6000,573.4500
568.3200,576.4100,564.8200,573.4500,10027530,908.4800,564.8200
553.0500,553.6900,545.6800,564.8200,11754390,917.4400,545.6800
524.7200,525.2400,521.0700,545.6800,8780023,915.1500,521.0700
497.2500,497.3900,496.6400,521.0700,7471790,938.2000,496.6400
495.0200,504.7800,495.0200,496.6400,18619324,954.1500,504.6700
507.7900,508.7900,507.7900,504.6700,6180310,947.6500,508.7500
512.3000,512.7000,512.3000,508.7500,3391490,931.2000,512.7000
516.5900,516.8500,516.5800,512.7000,2704480,916.1000,516.8500
520.5300,520.9900,520.5300,516.8500,1692190,882.3000,520.9900
524.3800,525.1100,524.3800,525.1100,1165210,904.2800,525.1100
528.4600,529.2300,528.4600,529.2300,1924760,903.2800,529.2300
531.5600,533.0000,531.5600,529.2300,1529280,913.7000,533.0000
541.4200,542.3300,541.3700,533.0000,2117800,919.5500,542.3300
550.6800,550.6800,544.3000,542.3300,24619260,914.6300,548.5600
552.4200,552.4200,550.0300,548.5600,10585750,933.8000,552.0500
549.1700,549.1700,543.9900,552.0500,8395560,928.6300,545.7300
537.7100,539.0100,536.9000,545.7300,8643150,925.0000,539.0100
530.9000,531.7300,530.0400,539.0100,6037610,944.4000,531.3800
523.5200,537.5800,523.4500,531.3800,12340700,938.5500,537.5800
540.0800,540.0800,534.5100,537.5800,9982120,916.4500,537.3100
534.6200,534.9200,532.6900,537.3100,5729840,916.7800,534.9200
530.2600,530.6200,528.6000,534.9200,4736440,915.7500,530.6200
523.6000,523.6000,521.8200,530.6200,5357310,904.1800,521.9500
515.1400,518.4200,515.0800,521.9500,6561260,885.9500,518.4200
514.3700,515.8800,513.9300,518.4200,7188240,886.0500,515.8800
514.7900,519.6200,514.4400,515.8800,8741070,893.2000,519.4200
523.8600,524.0700,520.4100,519.4200,9351480,893.2000,522.3600
523.2900,523.7500,521.2800,522.3600,5162790,874.1300,521.2800
518.2100,518.3500,516.2100,521.2800,6059655,876.1800,518.3500
514.6600,515.2600,511.0700,518.3500,5999870,868.7000,515.2600
507.3100,507.9400,506.4300,515.2600,4545620,881.6800,507.9400
499.5900,500.3300,499.5900,507.9400,3461750,884.5800,500.3300
492.9500,493.2700,492.0400,500.3300,2512662,882.3500,492.0400
484.7700,484.7700,483.9200,492.0400,1316390,866.9500,483.9200
477.2900,477.2900,475.5000,483.9200,1907330,864.1100,475.5000
468.5600,468.5600,466.6700,475.5000,2088880,881.9000,466.6700
459.6200,461.9600,459.3700,466.6700,7831810,902.4000,460.0400
453.9300,455.6700,453.9300,460.0400,5030820,905.1400,455.6700
450.0300,450.0300,449.2400,455.6700,4961812,919.2800,449.2400
442.3800,442.4100,441.5300,449.2400,4856640,932.5000,441.7500
435.6400,435.7300,434.7500,441.7500,2811850,921.5000,434.7500
427.8400,428.2000,427.5300,434.7500,3140160,924.7500,428.0500
422.4800,422.4800,420.5100,428.0500,1486410,928.8800,420.5100
413.9900,414.1400,413.9900,420.5100,2664330,886.4000,414.1000
408.2000,408.2000,407.9400,414.1000,1075090,891.1300,407.9400
402.3900,402.3900,401.1000,407.9400,1036240,880.1300,401.2000
395.5400,395.6600,394.6800,401.2000,1261860,878.9000,395.6600
390.8600,390.8600,390.0600,395.6600,1255200,877.1500,390.0800
385.1800,385.1800,384.0500,390.0800,1535360,902.1000,384.2400
380.2300,380.2300,379.1200,384.2400,870500,892.5300,379.1200
374.3300,374.4600,373.0000,379.1200,1148220,866.8000,373.0000
368.0600,371.2900,368.0600,373.0000,10250660,880.2500,370.4500
368.7000,370.5500,368.1000,370.4500,6190740,868.1300,370.5500
370.8300,373.5700,370.8300,370.5500,9861360,871.1800,372.6800
376.2300,378.6800,376.2300,372.6800,11087640,882.0300,378.2000
384.1700,384.7200,384.1700,378.2000,7082560,882.2000,384.7100
389.0100,389.0100,381.0300,384.7100,21154850,894.4500,382.0700
372.8000,373.2700,372.5300,382.0700,5080040,897.6800,373.2700
364.7100,366.0400,364.3200,373.2700,6878720,901.8000,366.0200
367.0800,369.6900,367.0000,366.0200,9257330,883.4800,368.9500
373.0000,375.9700,372.8900,368.9500,6483900,889.3800,375.9700
382.3600,383.7800,382.1300,375.9700,6571390,885.9500,383.7800
392.6900,392.6900,382.7500,383.7800,13494960,916.7800,386.4800
385.2100,392.7400,385.2100,386.4800,7734100,927.5500,392.6100
395.2700,399.4000,394.9700,392.6100,6897900,925.3500,399.4000
406.4600,409.8300,406.4600,399.4000,8021730,939.5500,409.6100
417.7800,420.0400,417.2200,409.6100,12976090,945.2500,419.2900
428.8000,430.1300,428.5100,419.2900,8282900,934.1800,430.0500
441.4300,441.4300,439.6800,430.0500,9995160,934.1800,439.6800
448.4900,448.4900,432.3200,439.6800,24016960,925.7800,435.8900
427.3500,436.7100,426.4900,435.8900,14709440,919.6300,436.7100
439.2100,440.7600,438.7200,436.7100,14047760,928.5300,439.5500
444.2600,446.6000,444.0000,439.5500,12280500,947.1300,446.6000
453.7800,456.6400,453.7800,446.6000,11435280,963.8000,456.6400
466.3100,467.9400,466.1100,456.6400,7858730,972.5500,467.9400
479.6200,479.8000,478.7000,467.9400,9657160,977.2300,479.8000
486.7400,486.7400,476.5200,479.8000,33479690,959.9000,486.5300
492.6100,493.1700,489.8300,486.5300,12929800,957.6000,489.8300
480.0900,486.9800,480.0900,489.8300,25846350,954.5700,483.0500
472.9500,472.9500,470.1200,483.0500,14105170,965.5800,470.8200
461.3100,461.3100,457.8800,470.8200,1647240,946.0800,457.8800
451.1700,451.1700,445.5900,457.8800,1644530,920.4300,445.5900
435.7300,440.9000,434.0000,445.5900,22557110,927.9000,435.7900
428.0400,429.4600,427.4000,435.7900,8888450,929.2800,429.4600
426.2300,434.6400,426.2300,429.4600,13393330,930.4800,434.6400
443.4500,444.7800,443.4500,434.6400,13066180,918.5800,444.4000
448.3900,448.3900,447.1000,444.4000,19066860,906.0400,448.2700
447.4200,451.3600,444.9400,448.2700,12261080,913.7000,451.3600
447.3700,449.8600,446.4800,451.3600,11136740,910.3500,447.1100
439.4900,440.5200,438.1700,447.1100,11514420,894.5500,439.4100
429.7800,430.2600,428.6300,439.4100,9914390,873.9700,430.2600
431.4300,437.4500,431.4300,430.2600,15685970,879.8600,437.4500
446.8500,446.8700,438.8300,437.4500,16138900,872.6800,438.8300
441.7900,444.2900,438.8200,438.8300,13855730,863.9800,444.2800
